training step 0.05 3000 times
21.0209
0.0192308
10.9641
0.0153846
10.344
0.0192308
9.73861
0.0576923
9.27331
0.0692308
8.88601
0.103846
8.53172
0.115385
8.24529
0.142308
8.00811
0.130769
7.80567
0.142308
7.63571
0.173077
7.50754
0.188462
7.40515
0.215385
7.31179
0.226923
7.22198
0.253846
7.14354
0.246154
7.0759
0.269231
7.02216
0.280769
6.9801
0.311538
6.94646
0.307692
6.91871
0.319231
6.89518
0.334615
6.87456
0.303846
6.85494
0.338462
6.83127
0.326923
6.79728
0.353846
6.75401
0.323077
6.70349
0.342308
6.65013
0.330769
6.58136
0.35
6.5126
0.353846
6.45344
0.369231
6.41046
0.361538
6.3838
0.365385
6.36456
0.365385
6.33526
0.353846
6.27467
0.353846
6.21325
0.369231
6.15319
0.365385
6.10967
0.376923
6.08598
0.388462
6.04467
0.388462
5.97924
0.388462
5.91938
0.396154
5.89128
0.376923
5.87556
0.407692
5.86367
0.384615
5.85379
0.403846
5.84521
0.426923
5.83755
0.392308
5.83065
0.426923
5.82411
0.407692
5.81805
0.434615
5.81244
0.4
5.80693
0.419231
5.79853
0.403846
5.77088
0.423077
5.71916
0.426923
5.66487
0.434615
5.62023
0.430769

