0.0230769
0.0461538
0.0615385
0.0769231
0.0884615
0.111538
0.130769
0.161538
0.192308
0.2
0.238462
0.265385
0.276923
0.3
0.303846
0.326923
0.338462
0.338462
0.346154
0.353846
0.392308
0.376923
0.419231
0.423077
0.430769
0.438462
0.469231
0.465385
0.476923
0.484615
0.507692
0.5
0.530769
0.530769
0.542308
0.565385
0.561538
0.596154
0.580769
0.588462
0.569231
0.592308
0.607692
0.603846
0.607692
0.607692
0.611538
0.634615
0.611538
0.626923
0.607692
0.611538
0.611538
0.615385
0.615385
0.626923
0.619231
0.642308
0.634615
0.630769

