training step 0.05 3000 times
21.0209
0.0192308
10.9641
0.0153846
10.344
0.0192308
9.73861
0.0576923
9.27331
0.0692308
8.88601
0.103846
8.53172
0.115385
8.24529
0.142308
8.00811
0.130769
7.80567
0.142308
7.63571
0.173077
7.50754
0.188462
7.40515
0.215385
7.31179
0.226923
7.22198
0.253846
7.14354
0.246154
7.0759
0.269231
7.02216
0.280769
6.9801
0.311538
6.94646
0.307692
6.91871
0.319231
6.89518
0.334615
6.87456
0.303846
6.85494
0.338462
6.83127
0.326923
6.79728
0.353846
6.75401
0.323077
6.70349
0.342308
6.65013
0.330769
6.58136
0.35
6.5126
0.353846
6.45344
0.369231
6.41046
0.361538
6.3838
0.365385
6.36456
0.365385
6.33526
0.353846
6.27467
0.353846
6.21325
0.369231
6.15319
0.365385
6.10967
0.376923
6.08598
0.388462
6.04467
0.388462
5.97924
0.388462
5.91938
0.396154
5.89128
0.376923
5.87556
0.407692
5.86367
0.384615
5.85379
0.403846
5.84521
0.426923
5.83755
0.392308
5.83065
0.426923
5.82411
0.407692
5.81805
0.434615
5.81244
0.4
5.80693
0.419231
5.79853
0.403846
5.77088
0.423077
5.71916
0.426923
5.66487
0.434615
5.62023
0.430769

training step 0.1 times=<3000

20.973
0.0230769
9.5718
0.0230769
8.14048
0.0961538
7.24905
0.115385
6.57934
0.184615
6.12102
0.226923
5.72557
0.253846
5.36228
0.280769
5.1261
0.292308
4.96913
0.326923
4.85636
0.376923
4.7675
0.426923
4.69892
0.419231
4.64468
0.469231
4.60054
0.473077
4.56363
0.469231
4.5316
0.476923
4.50377
0.515385
4.47921
0.496154
4.4561
0.546154
4.43449
0.557692
4.41346
0.573077
4.39343
0.553846
4.37549
0.565385
4.35948
0.565385
4.34497
0.553846

training step 0.5 times=<3000

14.6059
0.0384615
7.15285
0.280769
5.59693
0.469231
4.24077
0.503846
3.90504
0.55
3.78475
0.584615
3.62659
0.603846
3.54128
0.619231
3.50708
0.623077
3.48698
0.630769
3.47361
0.642308
3.46392
0.669231
3.45659
0.65
3.45094
0.665385
3.44652
0.65
3.443
0.673077
3.44012
0.676923
3.43772
0.7
3.43569
0.684615
3.43394
0.665385
3.43242
0.684615
3.43109
0.665385
3.42991
0.703846
3.42886
0.684615
3.42793
0.684615
3.42709
0.665385
3.42634
0.684615
3.42566
0.676923
3.42505
0.684615
3.42449
0.684615
3.42398
0.665385
3.42351
0.665385
3.42308
0.665385
3.42268
0.684615
3.42231
0.669231
3.42197
0.669231
3.42165
0.665385
3.42136
0.665385
3.42108
0.688462
3.42082
0.665385
3.42057
0.684615

training step 0.8 times=<3000

12.4688
0.00769231
7.08176
0.234615
6.54581
0.180769
5.56838
0.438462
5.48488
0.476923
5.4498
0.488462
5.42951
0.492308
5.41639
0.473077
5.40753
0.476923
5.40134
0.461538
5.39683
0.507692
5.39345
0.488462
5.39086
0.473077
5.38883
0.492308
5.38721
0.492308
5.38591
0.476923
5.38484
0.492308
5.38395
0.496154
5.3832
0.492308

training step 0.2 times: 3000
19.2083
0.05
9.26799
0.0769231
8.08638
0.153846
7.20663
0.2
6.73048
0.234615
6.01154
0.261538
5.31319
0.292308
4.80326
0.35
4.47163
0.430769
4.30954
0.480769
4.21334
0.496154
4.14634
0.55
4.09761
0.557692
4.06257
0.584615
4.03489
0.576923
4.01002
0.576923
3.93079
0.565385
3.84866
0.573077
3.813
0.580769
3.79255
0.603846
3.77816
0.623077
3.76693
0.611538
3.75765
0.630769
3.74974
0.619231
3.74284
0.615385
3.73675
0.615385
3.7313
0.623077
3.72641
0.623077
3.72197
0.623077
3.71793
0.630769
3.71424
0.65
3.71086
0.653846
3.70775
0.646154
3.70487
0.65
3.70222
0.630769
3.69975
0.630769
3.69747
0.669231
3.69534
0.630769
3.69336
0.669231
3.69152
0.65
3.68979
0.669231
3.68819
0.653846
3.68669
0.642308
3.68528
0.634615
3.68397
0.638462
3.68274
0.653846
3.68159
0.657692
3.68051
0.653846
3.6795
0.638462
3.67855
0.653846
3.67766
0.638462
3.67683
0.638462
3.67604
0.638462
3.6753
0.642308
3.67461
0.638462
3.67395
0.634615
3.67333
0.642308
3.67275
0.657692
3.6722
0.657692
3.67168
0.653846

adam training  le-1
0:
21.5345
0.0153846
50:
21.2018
0.0192308
100:
20.7287
0.0192308
150:
20.0504
0.0307692
200:
19.0436
0.0307692
250:
17.7395
0.0307692
300:
16.1527
0.0461538
350:
14.5681
0.0576923
400:
13.2491
0.0653846
450:
12.229
0.0653846
500:
11.4174
0.0923077
550:
10.7731
0.0884615
600:
10.2737
0.0846154
650:
9.89741
0.0769231
700:
9.60878
0.0961538
750:
9.3849
0.0961538
800:
9.20824
0.111538
850:
9.06424
0.107692
900:
8.94217
0.111538
950:
8.83769
0.119231
1000:
8.74591
0.126923
1050:
8.66325
0.126923
1100:
8.5873
0.123077
1150:
8.51743
0.130769
1200:
8.4536
0.138462
1250:
8.39382
0.138462
1300:
8.33834
0.153846
1350:
8.28711
0.134615
1400:
8.23875
0.161538
1450:
8.19354
0.161538
1500:
8.1504
0.173077
1550:
8.10908
0.161538
1600:
8.06638
0.161538
1650:
8.00754
0.169231
1700:
7.94412
0.184615
1750:
7.89088
0.184615
1800:
7.84232
0.188462
1850:
7.79691
0.196154
1900:
7.75495
0.196154
1950:
7.71552
0.196154
2000:
7.67868
0.188462
2050:
7.64397
0.219231
2100:
7.61164
0.223077
2150:
7.58196
0.223077
2200:
7.55421
0.230769
2250:
7.52854
0.238462
2300:
7.50459
0.238462
2350:
7.48206
0.238462
2400:
7.46075
0.238462
2450:
7.44054
0.234615
2500:
7.42129
0.226923
2550:
7.40293
0.253846
2600:
7.38538
0.226923
2650:
7.36859
0.253846
2700:
7.3525
0.226923
2750:
7.33707
0.257692
2800:
7.32225
0.238462
2850:
7.30802
0.265385
2900:
7.29435
0.25
2950:
7.28121
0.238462
3000:
7.26859
0.234615
3050:
7.25645
0.253846
3100:
7.24477
0.269231
3150:
7.23355
0.269231
3200:
7.22275
0.273077
3250:
7.21235
0.273077
3300:
7.20234
0.257692
3350:
7.1927
0.242308
3400:
7.1834
0.280769
3450:
7.17444
0.273077
3500:
7.16579
0.269231
3550:
7.15745
0.280769
3600:
7.14939
0.296154
3650:
7.14159
0.296154
3700:
7.13406
0.296154
3750:
7.12677
0.296154
3800:
7.11972
0.284615
3850:
7.11288
0.280769
3900:
7.10626
0.303846
3950:
7.09983
0.276923
4000:
7.0936
0.311538
4050:
7.08754
0.288462
4100:
7.08166
0.315385
4150:
7.07595
0.296154
4200:
7.07039
0.303846
4250:
7.06498
0.296154
4300:
7.05971
0.284615
4350:
7.05459
0.296154

gradient  0.5
0:
11.2471
0.0
50:
7.93771
0.215385
100:
6.87115
0.330769
150:
6.20574
0.407692
200:
5.53438
0.434615
250:
5.32999
0.461538
300:
5.12122
0.469231
350:
5.03399
0.484615
400:
5.008
0.488462
450:
4.99455
0.515385
500:
4.98555
0.542308
550:
4.97878
0.526923
600:
4.97344
0.523077
650:
4.9691
0.542308
700:
4.96552
0.503846
750:
4.96258
0.511538
800:
4.96017
0.507692
850:
4.95817
0.526923
900:
4.95648
0.523077
950:
4.95504
0.542308
1000:
4.9538
0.542308
1050:
4.95273
0.507692
1100:
4.9518
0.5
1150:
4.95099
0.538462
1200:
4.95029
0.526923
1250:
4.94967
0.507692
1300:
4.94912
0.542308
1350:
4.94864
0.515385
1400:
4.94821
0.523077
1450:
4.94782
0.526923
1500:
4.94747
0.503846
1550:
4.94715
0.526923
1600:
4.94686
0.523077
1650:
4.94659
0.523077
1700:
4.94635
0.507692
1750:
4.94612
0.507692
1800:
4.94591
0.526923
1850:
4.94571
0.546154
1900:
4.94553
0.530769
1950:
4.94536
0.526923
2000:
4.94519
0.546154
2050:
4.94505
0.507692
2100:
4.9449
0.515385
2150:
4.94477
0.507692
2200:
4.94464
0.530769
2250:
4.94452
0.526923
2300:
4.9444
0.546154
2350:
4.94429
0.546154
2400:
4.94419
0.511538
2450:
4.94409
0.507692
2500:
4.944
0.546154
2550:
4.94391
0.530769
2600:
4.94382
0.511538
2650:
4.94374
0.546154
2700:
4.94366
0.519231
2750:
4.94358
0.526923
2800:
4.94351
0.530769
2850:
4.94344
0.507692
2900:
4.94337
0.530769
2950:
4.94331
0.526923
3000:
4.94324
0.526923
3050:
4.94318
0.511538
3100:
4.94313
0.507692
3150:
4.94307
0.526923
3200:
4.94301
0.546154
3250:
4.94296
0.530769
3300:
4.94291
0.526923
3350:
4.94286
0.546154
3400:
4.94281
0.507692
3450:
4.94277
0.515385
3500:
4.94272
0.507692
3550:
4.94268
0.530769
3600:
4.94264
0.526923
3650:
4.9426
0.546154
3700:
4.94256
0.546154
3750:
4.94252
0.511538
3800:
4.94248
0.507692
3850:
4.94244
0.546154

gradient traing 0.2 
0:
22.4172
0.0153846
50:
9.75459
0.0461538
100:
8.63776
0.138462
150:
7.94061
0.2
200:
7.20488
0.238462
250:
6.75077
0.265385
300:
6.40721
0.292308
350:
6.13222
0.319231
400:
5.86543
0.346154
450:
5.73819
0.384615
500:
5.37928
0.384615
550:
5.02727
0.426923
600:
4.80414
0.438462
650:
4.60292
0.442308
700:
4.18655
0.426923
750:
3.90701
0.496154
800:
3.65631
0.492308
850:
3.44869
0.526923
900:
3.32937
0.561538
950:
3.26471
0.584615
1000:
3.22691
0.634615
1050:
3.2018
0.619231
1100:
3.1835
0.623077
1150:
3.16935
0.634615
1200:
3.15797
0.626923
1250:
3.14858
0.661538
1300:
3.14067
0.665385
1350:
3.13389
0.657692
1400:
3.12799
0.653846
1450:
3.12281
0.676923
1500:
3.11821
0.657692
1550:
3.1141
0.692308
1600:
3.11041
0.680769
1650:
3.10707
0.676923
1700:
3.10405
0.661538
1750:
3.10131
0.657692
1800:
3.09882
0.676923
1850:
3.09655
0.676923
1900:
3.09447
0.665385
1950:
3.09256
0.657692
2000:
3.09081
0.661538
2050:
3.08919
0.661538
2100:
3.0877
0.680769
2150:
3.0863
0.661538
2200:
3.08501
0.665385
2250:
3.08379
0.680769
2300:
3.08265
0.684615
2350:
3.08158
0.7
2400:
3.08057
0.665385
2450:
3.07961
0.665385
2500:
3.0787
0.669231
2550:
3.07783
0.665385
2600:
3.07701
0.692308
2650:
3.07623
0.684615
2700:
3.07548
0.673077
2750:
3.07477
0.669231
2800:
3.0741
0.688462
2850:
3.07346
0.669231
2900:
3.07286
0.703846
2950:
3.07229
0.688462
3000:
3.07175
0.688462
3050:
3.07124
0.669231
3100:
3.07075
0.665385
3150:
3.07029
0.684615
3200:
3.06986
0.684615
3250:
3.06945
0.669231
3300:
3.06906
0.665385
3350:
3.06869
0.665385
3400:
3.06833
0.665385
3450:
3.068
0.684615
3500:
3.06768
0.665385
3550:
3.06738
0.669231
3600:
3.06709
0.684615
3650:
3.06682
0.688462
3700:
3.06656
0.703846
3750:
3.06632
0.669231
3800:
3.06608
0.669231
3850:
3.06586
0.673077
3900:
3.06565
0.665385
3950:
3.06544
0.696154
4000:
3.06525
0.688462
4050:
3.06506
0.676923
4100:
3.06488
0.673077
4150:
3.06471
0.692308
4200:
3.06454
0.673077
4250:
3.06438
0.707692
4300:
3.06423
0.692308
4350:
3.06408
0.692308
4400:
3.06394
0.673077
4450:
3.0638
0.669231
4500:
3.06367
0.688462
4550:
3.06354
0.688462
4600:
3.06341
0.673077
4650:
3.06329
0.669231
4700:
3.06318
0.669231
4750:
3.06306
0.669231
4800:
3.06295
0.688462
4850:
3.06285
0.669231
4900:
3.06274
0.673077
4950:
3.06264
0.688462
5000:
3.06254
0.692308
5050:
3.06245
0.711538
5100:
3.06235
0.676923
5150:
3.06226
0.676923
5200:
3.06217
0.673077
5250:
3.06209
0.676923
5300:
3.062
0.703846
5350:
3.06192
0.696154
5400:
3.06184
0.684615
5450:
3.06176
0.680769
5500:
3.06169
0.7
5550:
3.06161
0.680769
5600:
3.06154
0.715385
5650:
3.06147
0.7
5700:
3.0614
0.696154
5750:
3.06133
0.680769
5800:
3.06126
0.676923
5850:
3.0612
0.696154
5900:
3.06113
0.696154
5950:
3.06107
0.680769
6000:
3.06101
0.676923
6050:
3.06095
0.676923
6100:
3.06089
0.676923
6150:
3.06083
0.696154
6200:
3.06078
0.676923
6250:
3.06072
0.680769
6300:
3.06067
0.696154
6350:
3.06061
0.7
6400:
3.06056
0.715385
6450:
3.06051
0.680769
6500:
3.06046
0.680769
6550:
3.06041
0.676923
6600:
3.06036
0.676923
6650:
3.06031
0.703846
6700:
3.06027
0.696154
6750:
3.06022
0.684615
6800:
3.06018
0.680769
6850:
3.06013
0.7
6900:
3.06009
0.680769
6950:
3.06005
0.715385
7000:
3.06
0.7







